train_ac, test_ac, train_loss, test_loss

GCN, GraphSAGE, GAT, Chebyshev GNN, Attention-based Graph Neural Network

python main.py --model GCN --embed_dim 4 --epochs 100 --lr 0.01
[0.7665572939732048, 0.8039073037684342, 0.8631300167391106, 0.8841681358171066, 0.8822229165924758, 0.8834409495576632, 0.8848925085104347, 0.8872656309474264, 0.8888195233191978, 0.8913094489437832, 0.8931031375361955, 0.8950172467583497, 0.8966003198301183, 0.89866153836631, 0.9004541819198795, 0.9023669245527778, 0.9045701075963954, 0.9068503823515768, 0.9094224641067342, 0.9125129655155672]
[0.7557052385747406, 0.8003463241764235, 0.8555497058631584, 0.8710806391776871, 0.8704043719102054, 0.8716268213555041, 0.8738163680330566, 0.8770400254739017, 0.8789549480732735, 0.8819653010068235, 0.8840654963096567, 0.8857938322147623, 0.887229586167356, 0.8890131096862585, 0.8903468103530212, 0.8919192193493031, 0.8938639257402478, 0.8958095081250622, 0.8981619896623964, 0.9012665119369494]
[0.6820422410964966, 0.609394371509552, 0.566442608833313, 0.5364729762077332, 0.5180880427360535, 0.5092735886573792, 0.5042773485183716, 0.5021648406982422, 0.5006619095802307, 0.49923667311668396, 0.4977763295173645, 0.4963129758834839, 0.49500587582588196, 0.49378809332847595, 0.4925188720226288, 0.49104782938957214, 0.48920777440071106, 0.4868825674057007, 0.48393046855926514, 0.4801255166530609]
[0.6830878853797913, 0.6138759255409241, 0.5728837847709656, 0.5446727871894836, 0.5283568501472473, 0.5202223658561707, 0.5147315859794617, 0.511885404586792, 0.5106592774391174, 0.5090763568878174, 0.507534384727478, 0.5063387155532837, 0.5054399371147156, 0.5046164393424988, 0.5039530396461487, 0.503075361251831, 0.5018113255500793, 0.5001057386398315, 0.497640997171402, 0.4942127764225006]

python main.py --model SAGE --embed_dim 4 --epochs 100 --lr 0.01
[0.593331414213284, 0.7792015806775212, 0.8409344367550129, 0.8597240743749321, 0.8641113484063841, 0.8707726269599603, 0.8710917657450575, 0.8743825930613118, 0.8792277548811555, 0.8856049838384743, 0.8924480589569114, 0.8988288249687754, 0.9035369661187956, 0.9076869359453088, 0.9106038001310158, 0.9122220025854261, 0.9137828082910809, 0.9154306737711086, 0.9166472195656352, 0.9176703929804257]
[0.5700946204778459, 0.7677435843303968, 0.821634727200179, 0.8385160050649967, 0.8431040229580473, 0.8507556104122382, 0.8532016042951731, 0.8562522529467338, 0.8610397784436304, 0.8673824120578806, 0.8736670110782565, 0.8804927553116982, 0.8856054935327562, 0.8904641935315737, 0.8919218473309123, 0.8933893560612863, 0.8945233301257358, 0.8950449844751988, 0.8956354043434406, 0.8961973544109139]
[0.7058421969413757, 0.6287593245506287, 0.5832241177558899, 0.5526044964790344, 0.5359278917312622, 0.5269158482551575, 0.5216710567474365, 0.5160127282142639, 0.5103409886360168, 0.5054804682731628, 0.5005524158477783, 0.49538344144821167, 0.49026811122894287, 0.48555538058280945, 0.4814290404319763, 0.47798803448677063, 0.47504574060440063, 0.4723733067512512, 0.47005516290664673, 0.4681517481803894]
[0.7116417288780212, 0.632203221321106, 0.5935380458831787, 0.5713590383529663, 0.5585307478904724, 0.5496907234191895, 0.547133207321167, 0.5408176779747009, 0.5377927422523499, 0.5343669652938843, 0.5291633605957031, 0.5242570638656616, 0.519096314907074, 0.5151796340942383, 0.5126435160636902, 0.5112215280532837, 0.5101699829101562, 0.508958637714386, 0.5074894428253174, 0.5067430734634399]

python main.py --model GAT --embed_dim 4 --epochs 100 --lr 0.01
[0.7733958673858571, 0.8706325917550134, 0.8974033115994728, 0.906212265556589, 0.9121848233189003, 0.9167903898871108, 0.9227097310560382, 0.9278205337109836, 0.930385943295067, 0.9343428622922574, 0.9371407528250816, 0.9389417566893941, 0.9414830499924878, 0.9439569784840167, 0.945991749498723, 0.9478365646068334, 0.9497041294066777, 0.9494015504678599, 0.9512760286015877, 0.9543916109426499]
[0.7387895779505335, 0.8620550553387227, 0.888436048724531, 0.8971819715205633, 0.9009150193966944, 0.903025726625965, 0.906759212499031, 0.910500582316925, 0.911055086436505, 0.9145752678022759, 0.9161411068445343, 0.9156860280291759, 0.9158007832261189, 0.9151924054835464, 0.9139261563447578, 0.912361631293304, 0.9112749608978236, 0.9055656708514355, 0.9055350110659925, 0.9076514122554172]
[0.9559018611907959, 0.5933452248573303, 0.5150070190429688, 0.49949729442596436, 0.4873928129673004, 0.47752755880355835, 0.46695587038993835, 0.46016618609428406, 0.45427507162094116, 0.44744089245796204, 0.4408174753189087, 0.4346833825111389, 0.4284588694572449, 0.4222463071346283, 0.4161151051521301, 0.40963923931121826, 0.40322786569595337, 0.3980540633201599, 0.39137351512908936, 0.3839510977268219]
[0.9799256920814514, 0.6017167568206787, 0.5305692553520203, 0.5171384215354919, 0.5100195407867432, 0.5068821310997009, 0.49994248151779175, 0.4967142343521118, 0.4953250586986542, 0.491321325302124, 0.4888707995414734, 0.48849302530288696, 0.48797035217285156, 0.4892057180404663, 0.49118557572364807, 0.4942111670970917, 0.4983241856098175, 0.503419041633606, 0.5073376893997192, 0.5107173323631287]

python main.py --model CHEB --embed_dim 4 --epochs 100 --lr 0.01
[0.43505907564385043, 0.7932424412139524, 0.8309812054587364, 0.8283404726903617, 0.8334524811593564, 0.8367575772751963, 0.8396735571972669, 0.8403873187269594, 0.8425973347168575, 0.842709113679245, 0.8496069729493303, 0.853812731772533, 0.8546776219964278, 0.856042844663256, 0.8562021728929948, 0.8564467923698337, 0.8554420277161987, 0.8570837033507724, 0.8578825953523584, 0.8567951118549287]
[0.42823880118486934, 0.7751888752282512, 0.8188286998367585, 0.8107362684675932, 0.8150286384295883, 0.8222039042170781, 0.8226011674370304, 0.8247981600624759, 0.8241286817474851, 0.8231328957159958, 0.828808022001462, 0.8278271278657591, 0.8308177709372389, 0.8327372925044271, 0.8308814994912667, 0.8318039210361604, 0.8291623615217942, 0.8304842362713147, 0.8297860691570882, 0.827793402101772]
[0.6934614777565002, 0.6192534565925598, 0.5904809832572937, 0.5724849700927734, 0.562027096748352, 0.5565074682235718, 0.5520190596580505, 0.54923415184021, 0.5472013354301453, 0.544599175453186, 0.5414518117904663, 0.539031982421875, 0.5369295477867126, 0.5354567170143127, 0.5340792536735535, 0.5326749086380005, 0.5316082239151001, 0.5308030247688293, 0.5301437377929688, 0.5295566916465759]
[0.6934812664985657, 0.6258922815322876, 0.6081534624099731, 0.5879805684089661, 0.5819627642631531, 0.5793025493621826, 0.5740591287612915, 0.5725829005241394, 0.5733007192611694, 0.5695406794548035, 0.5691931843757629, 0.5679837465286255, 0.5671843886375427, 0.5684212446212769, 0.5690619945526123, 0.5680963397026062, 0.5687240362167358, 0.5693970918655396, 0.5702499151229858, 0.5715130567550659]

python main.py --model AGNN --embed_dim 4 --epochs 100 --lr 0.01
[0.7099574677229704, 0.7114966491633379, 0.7130608311483313, 0.7146332930564645, 0.7161216695315469, 0.717605946238861, 0.7190037258850253, 0.7202952331196282, 0.7215080006967998, 0.7226577443929848, 0.7236727986598422, 0.7245905035391045, 0.725347835149785, 0.7260074958224573, 0.7265661092777825, 0.7270323573769171, 0.7273966739950685, 0.7276709564975249, 0.7278935497710601, 0.7280471704809648]
[0.6991915890572599, 0.7006842826113904, 0.7022115779233777, 0.7037340552690813, 0.7052309097940933, 0.7067268883252356, 0.708198558026491, 0.7095204327760113, 0.7107976318381725, 0.7119357668735036, 0.7129714106260685, 0.7139060960851396, 0.7146979945434342, 0.7153926576821816, 0.7159235099672772, 0.7163991746385758, 0.7167508861772987, 0.7170618640010756, 0.7172813004654593, 0.7174534332608742]
[1.4819104671478271, 1.4817798137664795, 1.4816621541976929, 1.4815583229064941, 1.4814685583114624, 1.4813923835754395, 1.4813296794891357, 1.4812794923782349, 1.4812400341033936, 1.4812099933624268, 1.4811877012252808, 1.481171727180481, 1.4811609983444214, 1.4811537265777588, 1.4811491966247559, 1.4811465740203857, 1.481144905090332, 1.4811440706253052, 1.481143593788147, 1.4811434745788574]
[1.4898484945297241, 1.4896352291107178, 1.489435076713562, 1.4892494678497314, 1.4890797138214111, 1.4889265298843384, 1.4887901544570923, 1.4886704683303833, 1.4885668754577637, 1.4884780645370483, 1.4884032011032104, 1.4883407354354858, 1.488289475440979, 1.4882476329803467, 1.488214373588562, 1.4881876707077026, 1.4881672859191895, 1.4881516695022583, 1.4881402254104614, 1.4881317615509033]

python main.py --model GCN --embed_dim 8 --epochs 100 --lr 0.01
[0.7782417125003286, 0.8515921046189993, 0.8919753798495128, 0.8826037126693034, 0.8957930675177893, 0.9052686758690643, 0.9069440339094204, 0.906872850686699, 0.9109632532991675, 0.9184483038175512, 0.9263942968532515, 0.9313904667858923, 0.9309099096933704, 0.9317389470461936, 0.9340815221939319, 0.9359289900929515, 0.9369901064564993, 0.9377286273680079, 0.9389085566092316, 0.9401158176355772]
[0.770197024161225, 0.8350801381091936, 0.8789464071330428, 0.8692526589698927, 0.8807584004527138, 0.8889997507797439, 0.890003201757594, 0.8894964393039178, 0.893805015152504, 0.9018137891071039, 0.9111212239736747, 0.918025807655398, 0.9185426440385771, 0.919836924981199, 0.9213843681521917, 0.9219651520878657, 0.9219866139376757, 0.9215381050763406, 0.9217430876418727, 0.9222537920679632]
[0.6841219067573547, 0.5953399538993835, 0.513923168182373, 0.5222497582435608, 0.5039994120597839, 0.5036499500274658, 0.4981847405433655, 0.4944937825202942, 0.489987313747406, 0.48334410786628723, 0.47392112016677856, 0.46453651785850525, 0.4601474404335022, 0.45820677280426025, 0.45605581998825073, 0.45369982719421387, 0.4512801468372345, 0.44935348629951477, 0.44756990671157837, 0.44574037194252014]
[0.6845269203186035, 0.6024935245513916, 0.5258840918540955, 0.5361679196357727, 0.5200843811035156, 0.5203073620796204, 0.5168993473052979, 0.5153370499610901, 0.51099693775177, 0.503229558467865, 0.49230965971946716, 0.48071038722991943, 0.4737343490123749, 0.47046443819999695, 0.46963685750961304, 0.46967166662216187, 0.4693125784397125, 0.46949195861816406, 0.4698423445224762, 0.47007322311401367]

python main.py --model SAGE --embed_dim 8 --epochs 100 --lr 0.01
[0.6265615593394358, 0.7340641423940987, 0.8138957046411541, 0.8452237182980433, 0.8673311130813219, 0.8751632772707509, 0.8848521539335784, 0.8915589720644237, 0.9008742071471172, 0.901567630613175, 0.9060621015136262, 0.9074959751936719, 0.9126066974610137, 0.9148584346170242, 0.9187519277952116, 0.9206678859322419, 0.9232396461369856, 0.9252917004864012, 0.9273897365449039, 0.9289814110902255]
[0.6176737895188209, 0.744997308508835, 0.8194248136651541, 0.8556445321995637, 0.8619275982306677, 0.8649756189006188, 0.8718653106865558, 0.8741437707418924, 0.8870692792891836, 0.8804047179277841, 0.884908421410867, 0.8813985329730664, 0.8874744264539637, 0.8876811610072353, 0.8921338378474026, 0.8927067378382485, 0.895583501706655, 0.8971221849389497, 0.8989788539459801, 0.8998219980456577]
[1.2237718105316162, 0.6500553488731384, 0.6197872757911682, 0.5861151218414307, 0.5395982265472412, 0.5262835621833801, 0.5122655630111694, 0.4996595084667206, 0.4918709695339203, 0.48420920968055725, 0.4778594970703125, 0.4723443388938904, 0.4669671654701233, 0.4619123339653015, 0.4566987454891205, 0.4525088667869568, 0.44913989305496216, 0.4460888206958771, 0.44329604506492615, 0.4406256377696991]
[1.229439377784729, 0.6437729597091675, 0.6190604567527771, 0.579751193523407, 0.5465964078903198, 0.5420082807540894, 0.5336934924125671, 0.5246302485466003, 0.5171887874603271, 0.5169981718063354, 0.516655683517456, 0.5167598724365234, 0.5123476982116699, 0.508275032043457, 0.5053564310073853, 0.5041857957839966, 0.502871036529541, 0.501729428768158, 0.5009024739265442, 0.5009779334068298]

python main.py --model GAT --embed_dim 8 --epochs 100 --lr 0.01
[0.7666583411905517, 0.8493104230807601, 0.8730768170271233, 0.8792940746538771, 0.8985136251762398, 0.9135672489328345, 0.9132793005378173, 0.9203548566049952, 0.9246934559426494, 0.9292905014249104, 0.9313821868627524, 0.9350023621897228, 0.9366398576689251, 0.9393018931521739, 0.9417457566800691, 0.9436866349741221, 0.9462310633937444, 0.948261413090269, 0.9508160507355102, 0.9529760656361564]
[0.7614340194847317, 0.8433101005159166, 0.8678322349100202, 0.8746260053672144, 0.8932951867202833, 0.9078003312132822, 0.9076592962002452, 0.9128377339615377, 0.9148183561011441, 0.9178357169856525, 0.9188978595527788, 0.9219524501767538, 0.9227040529170376, 0.9242514960880304, 0.9244669905799999, 0.9240298696389723, 0.9245068483010757, 0.9245874397370968, 0.9254954073831392, 0.9258598208329737]
[1.7153884172439575, 0.6799560189247131, 0.557121217250824, 0.5582236647605896, 0.5153583884239197, 0.4922887682914734, 0.4853198826313019, 0.47005611658096313, 0.46176645159721375, 0.4546676278114319, 0.44782382249832153, 0.4415249228477478, 0.4356781840324402, 0.4296664297580719, 0.42345887422561646, 0.4173886775970459, 0.4111851453781128, 0.4047980308532715, 0.3981786072254181, 0.3914642632007599]
[1.7169631719589233, 0.6802420020103455, 0.5553717613220215, 0.5561286807060242, 0.5159376263618469, 0.49606332182884216, 0.4924704134464264, 0.48102909326553345, 0.47645577788352966, 0.47350719571113586, 0.47105616331100464, 0.4684315621852875, 0.46571725606918335, 0.46327197551727295, 0.4623020887374878, 0.46271657943725586, 0.46267104148864746, 0.4629657566547394, 0.4632994830608368, 0.4643961191177368]

python main.py --model CHEB --embed_dim 8 --epochs 100 --lr 0.01
[0.5181121308993146, 0.5, 0.5, 0.5, 0.5, 0.5, 0.5, 0.5, 0.5, 0.5, 0.5, 0.5, 0.5, 0.5, 0.5, 0.5, 0.5, 0.5, 0.5, 0.5]
[0.5215006125387135, 0.5, 0.5, 0.5, 0.5, 0.5, 0.5, 0.5, 0.5, 0.5, 0.5, 0.5, 0.5, 0.5, 0.5, 0.5, 0.5, 0.5, 0.5, 0.5]
[0.6931441426277161, 0.6931472420692444, 0.6931472420692444, 0.6931472420692444, 0.6931472420692444, 0.6931472420692444, 0.6931472420692444, 0.6931472420692444, 0.6931472420692444, 0.6931472420692444, 0.6931472420692444, 0.6931472420692444, 0.6931472420692444, 0.6931472420692444, 0.6931472420692444, 0.6931472420692444, 0.6931472420692444, 0.6931472420692444, 0.6931472420692444, 0.6931472420692444]
[0.6931423544883728, 0.6931473016738892, 0.6931473016738892, 0.6931473016738892, 0.6931473016738892, 0.6931473016738892, 0.6931473016738892, 0.6931473016738892, 0.6931473016738892, 0.6931473016738892, 0.6931473016738892, 0.6931473016738892, 0.6931473016738892, 0.6931473016738892, 0.6931473016738892, 0.6931473016738892, 0.6931473016738892, 0.6931473016738892, 0.6931473016738892, 0.6931473016738892]

python main.py --model AGNN --embed_dim 8 --epochs 100 --lr 0.01
[0.6423270153232439, 0.6424964723909983, 0.6426757367463551, 0.642844349744275, 0.6430276334797969, 0.6432085457810215, 0.6434026014553854, 0.6436135385264421, 0.6438200542793175, 0.6440296247611182, 0.6442266547768042, 0.6444458717710008, 0.6446713991920563, 0.6449046438230286, 0.6451604371767263, 0.6454388998345543, 0.6457070326853582, 0.6459948604989707, 0.6462917319179542, 0.6466341027204049]
[0.6523743156845389, 0.6525595883880004, 0.6527273412140662, 0.6528626822669495, 0.6530453269888017, 0.6532036628807671, 0.6533738246899748, 0.6535341315681473, 0.6537246602348277, 0.6539221968524664, 0.6541131635160817, 0.6543015021980876, 0.654508674748294, 0.6546667916417921, 0.6549168878916185, 0.6551538442333981, 0.6553875155981659, 0.6556137410150403, 0.6559045709798124, 0.6562105118388382]
[1.5248442888259888, 1.5245360136032104, 1.5242220163345337, 1.5239014625549316, 1.5235739946365356, 1.523239254951477, 1.5228967666625977, 1.5225460529327393, 1.5221877098083496, 1.5218205451965332, 1.5214449167251587, 1.5210607051849365, 1.5206681489944458, 1.5202664136886597, 1.5198557376861572, 1.5194367170333862, 1.519008755683899, 1.518572211265564, 1.518127202987671, 1.5176736116409302]
[1.523915410041809, 1.5236470699310303, 1.5233734846115112, 1.5230947732925415, 1.5228102207183838, 1.5225199460983276, 1.5222231149673462, 1.5219199657440186, 1.521609902381897, 1.52129328250885, 1.5209697484970093, 1.5206393003463745, 1.5203018188476562, 1.5199575424194336, 1.519606113433838, 1.5192480087280273, 1.518883228302002, 1.5185116529464722, 1.5181336402893066, 1.5177494287490845]

python main.py --model GCN --embed_dim 16 --epochs 100 --lr 0.01
[0.8461156187566465, 0.9045833715509398, 0.9053830674285589, 0.9186350442200147, 0.9268797575895746, 0.9270308058961736, 0.9347340283699105, 0.9378573279208895, 0.9374910016126556, 0.9401447571727647, 0.9430770557783051, 0.9446289384599936, 0.9466555903267667, 0.9493070146463801, 0.9518229858544347, 0.9540217475798709, 0.956208853102829, 0.9574652309547901, 0.9583035932695961, 0.9591123729463882]
[0.8367156186641006, 0.9011528517323436, 0.8967163807787674, 0.9110730443108359, 0.9188128881474089, 0.9168694957472688, 0.9238717527454744, 0.9275456710353941, 0.9271825715763641, 0.9283774272147645, 0.9292494791121452, 0.9286358454063539, 0.9291574997558167, 0.9309624851245292, 0.9326715491644989, 0.9334949834021062, 0.9340683213898869, 0.9338028952473391, 0.9335238911998094, 0.933052168500925]
[0.6824319362640381, 0.5728768706321716, 0.5114019513130188, 0.48575547337532043, 0.4746152460575104, 0.47033798694610596, 0.46288907527923584, 0.4567258954048157, 0.4515599012374878, 0.44717466831207275, 0.4433633089065552, 0.43945375084877014, 0.4357362985610962, 0.43165600299835205, 0.4272908866405487, 0.4227929711341858, 0.4182087481021881, 0.4142521023750305, 0.4107026755809784, 0.40688860416412354]
[0.6831104755401611, 0.573976993560791, 0.5181409120559692, 0.49200260639190674, 0.48098069429397583, 0.4806167483329773, 0.4738927185535431, 0.46777379512786865, 0.46405741572380066, 0.4625110924243927, 0.4628024101257324, 0.46377429366111755, 0.46327605843544006, 0.4606699049472809, 0.45800715684890747, 0.45644205808639526, 0.45630940794944763, 0.45763683319091797, 0.4586935043334961, 0.4598253667354584]

python main.py --model SAGE --embed_dim 16 --epochs 100 --lr 0.01
[0.6540682678859, 0.6752157542981845, 0.5612141550672044, 0.7789864232572912, 0.8107637634228205, 0.8501001508955701, 0.862328070008599, 0.8699136452249081, 0.8771689881668645, 0.8873829566544417, 0.8900375964781869, 0.8923847135255117, 0.8926822682391232, 0.8945914738174762, 0.8964894653251689, 0.8996333441025927, 0.9015351540214421, 0.9040022495666908, 0.9064460327069828, 0.9093415941778152]
[0.6583181530895648, 0.6785562394634362, 0.5557129911204881, 0.7695492266945115, 0.8070916959723116, 0.8417335305487532, 0.8548648976554463, 0.8615745727011401, 0.8682951976702067, 0.8774029059344641, 0.8776026325367775, 0.8795258770779122, 0.8785165131414411, 0.8797547304763963, 0.8796366903024413, 0.8808451238458233, 0.88047545443277, 0.8819352982167831, 0.8824749104405768, 0.8847095708024234]
[4.63169002532959, 0.8722390532493591, 0.7049499750137329, 0.6317664384841919, 0.6126276850700378, 0.5826834440231323, 0.5528225898742676, 0.5402024984359741, 0.5295623540878296, 0.5196791887283325, 0.5119702219963074, 0.5049590468406677, 0.49900758266448975, 0.4937491714954376, 0.4887853264808655, 0.48406049609184265, 0.47962990403175354, 0.47550487518310547, 0.4714297354221344, 0.4674961268901825]
[4.642504692077637, 0.8640827536582947, 0.7045303583145142, 0.6344013810157776, 0.6163957118988037, 0.5883115530014038, 0.5614134669303894, 0.5526938438415527, 0.5466091632843018, 0.5398491621017456, 0.5371670722961426, 0.5344732403755188, 0.5339339375495911, 0.5327394008636475, 0.5333026647567749, 0.5340256094932556, 0.5350973010063171, 0.535888671875, 0.53749018907547, 0.5374103784561157]

python main.py --model GAT --embed_dim 16 --epochs 100 --lr 0.01
[0.7955147575964076, 0.8851933993095829, 0.8809298819934099, 0.9130992323064274, 0.9176726438333183, 0.9258810220061868, 0.9299711432620436, 0.9357697422508159, 0.93793433924485, 0.9405192830165352, 0.9434178188286899, 0.9460950475689622, 0.9485524162142116, 0.9506931380900661, 0.9532236594543176, 0.9560615830135849, 0.9588089901315375, 0.9606007494214704, 0.9630107697683769, 0.9646104026864252]
[0.7878246488031077, 0.872483762358631, 0.8615574908206793, 0.8952201832491578, 0.8958259330101207, 0.9008528238319387, 0.9030633943623662, 0.9072510830569209, 0.9070031767917688, 0.9072134153205196, 0.9077955132469983, 0.9074065719688094, 0.9071354518661078, 0.9062831098307973, 0.9055691748269145, 0.9046704051165048, 0.904371691206905, 0.902457644601403, 0.9044549106245354, 0.9028881955884073]
[1.0378161668777466, 0.6230486631393433, 0.5844746232032776, 0.49436455965042114, 0.49913662672042847, 0.4625558853149414, 0.45926544070243835, 0.44446516036987305, 0.4351455569267273, 0.42837098240852356, 0.41978928446769714, 0.4129786193370819, 0.4051855206489563, 0.3971715569496155, 0.38869568705558777, 0.37953370809555054, 0.37026602029800415, 0.3618006706237793, 0.35429710149765015, 0.3455770015716553]
[1.0390205383300781, 0.6278660893440247, 0.6034680604934692, 0.5169556736946106, 0.5294855833053589, 0.5042301416397095, 0.50960373878479, 0.5015771985054016, 0.4998733103275299, 0.5002912878990173, 0.4991002380847931, 0.5024639368057251, 0.5031965374946594, 0.5054856538772583, 0.5090630054473877, 0.5148682594299316, 0.5212531685829163, 0.530877411365509, 0.5436425805091858, 0.5511181950569153]

python main.py --model CHEB --embed_dim 16 --epochs 100 --lr 0.01
[0.5346319843462828, 0.743315067394153, 0.8137966671138896, 0.8306047905062883, 0.8587226860006356, 0.8850388943360422, 0.9128986652361962, 0.9218318582342109, 0.926784176729252, 0.9252040779988052, 0.9287802009191679, 0.9304582921380362, 0.9326888069667756, 0.9342269433683001, 0.9323822890353961, 0.9330966534721135, 0.9329209663651031, 0.9313083910429237, 0.9323184612783769, 0.9321437790164079]
[0.5311280041662267, 0.7305611485330827, 0.7976226402367635, 0.8175497487868579, 0.84230292656412, 0.8645949995641932, 0.8963326954637973, 0.901609901533909, 0.9024718795017872, 0.8999371912395356, 0.9025594788887668, 0.9035578929018655, 0.9095365510632156, 0.9106766570847539, 0.9082974577343907, 0.9076137445190159, 0.9067084048545829, 0.9043822031333424, 0.904904733476675, 0.9037361576543688]
[0.6930028200149536, 0.6851170063018799, 0.6439967751502991, 0.5955258011817932, 0.5711495876312256, 0.5476165413856506, 0.5258816480636597, 0.5129563212394714, 0.5091212391853333, 0.5063167214393616, 0.5037339329719543, 0.5009467005729675, 0.49795106053352356, 0.49495577812194824, 0.4921870529651642, 0.489779531955719, 0.4881937503814697, 0.4868224263191223, 0.4855680763721466, 0.4844213128089905]
[0.692999541759491, 0.6857351660728455, 0.6471834182739258, 0.6080346703529358, 0.5857890248298645, 0.5578557848930359, 0.5412319898605347, 0.5353988409042358, 0.5340995192527771, 0.5336582660675049, 0.5306606888771057, 0.530579686164856, 0.5302137732505798, 0.5285768508911133, 0.5271080136299133, 0.5259783267974854, 0.5272212624549866, 0.5280511975288391, 0.5289615988731384, 0.5292932391166687]

python main.py --model AGNN --embed_dim 16 --epochs 100 --lr 0.01
[0.6327873380521392, 0.6328323953037884, 0.6328846472459329, 0.6329395921727876, 0.6329852523314615, 0.6330304703583173, 0.6330774569124457, 0.6331255286992186, 0.6331766150211151, 0.6332311982037551, 0.6332867862314364, 0.6333537089111828, 0.6334106233343186, 0.6334709944243962, 0.6335293156305897, 0.6335947511396751, 0.6336671803702476, 0.6337369568099113, 0.6338003424351125, 0.633864974068165]
[0.6393587987671262, 0.6394080734223022, 0.6394682980008506, 0.6395239236115825, 0.639556335384765, 0.6395823962023914, 0.6396154649709762, 0.6396605786552706, 0.6397078823242395, 0.6397462070560431, 0.6397981096928284, 0.6398502313280812, 0.6398984109909199, 0.6399345457380489, 0.6399702424882431, 0.6400315620591287, 0.6400891586560677, 0.6401382143127762, 0.640183984992473, 0.6402354496323235]
[1.52255117893219, 1.5225461721420288, 1.5225412845611572, 1.5225356817245483, 1.5225305557250977, 1.5225250720977783, 1.5225191116333008, 1.5225132703781128, 1.5225069522857666, 1.5225005149841309, 1.522493839263916, 1.5224868059158325, 1.52247953414917, 1.5224720239639282, 1.5224640369415283, 1.5224559307098389, 1.5224472284317017, 1.522438406944275, 1.5224288702011108, 1.5224190950393677]
[1.5219372510910034, 1.5219318866729736, 1.5219264030456543, 1.5219206809997559, 1.5219148397445679, 1.5219085216522217, 1.5219022035598755, 1.5218955278396606, 1.5218888521194458, 1.5218815803527832, 1.5218743085861206, 1.5218665599822998, 1.5218585729599, 1.5218502283096313, 1.5218414068222046, 1.5218324661254883, 1.5218230485916138, 1.5218133926391602, 1.5218030214309692, 1.5217922925949097]

python main.py --model GCN --embed_dim 32 --epochs 100 --lr 0.01
[0.811212929156254, 0.9049897308856165, 0.9143661811282223, 0.9276720578076902, 0.9305809636206706, 0.9373684909052279, 0.9442783681220065, 0.9480247117923548, 0.9511322955668889, 0.9536075906476741, 0.9564686658366915, 0.9595377841430469, 0.961244332573483, 0.9636304778022093, 0.9650969888491945, 0.9661216896284478, 0.9674549984167661, 0.9681160256786945, 0.9692571277075248, 0.9708033832569827]
[0.805424679638092, 0.9058026271932149, 0.9159059024904943, 0.928408087000207, 0.9296357924087248, 0.9347152428627307, 0.9393899841488911, 0.9408279280861592, 0.9425413720954782, 0.9444068010412063, 0.9451229260297637, 0.9451899395608031, 0.9437857213875218, 0.9433858301859605, 0.9426478053506582, 0.9417757534532774, 0.9418567828862333, 0.9399326623512287, 0.9386182335496016, 0.939458311670735]
[0.6671153903007507, 0.5085186958312988, 0.48770689964294434, 0.47716397047042847, 0.4670904278755188, 0.4565590023994446, 0.4461723566055298, 0.4381924867630005, 0.43058568239212036, 0.42344343662261963, 0.4166722893714905, 0.4102470278739929, 0.40377098321914673, 0.398343563079834, 0.3929101526737213, 0.38775089383125305, 0.38331300020217896, 0.37776875495910645, 0.37449461221694946, 0.3688229024410248]
[0.6668444871902466, 0.5038635730743408, 0.48002204298973083, 0.46958550810813904, 0.4586758017539978, 0.45192861557006836, 0.4481145739555359, 0.44640281796455383, 0.44361764192581177, 0.4401092529296875, 0.43899375200271606, 0.43977588415145874, 0.4424048364162445, 0.44665127992630005, 0.450994074344635, 0.45377692580223083, 0.45656001567840576, 0.46055933833122253, 0.46600133180618286, 0.46526220440864563]

python main.py --model SAGE --embed_dim 32 --epochs 100 --lr 0.01
[0.6804696870808038, 0.7413086330096097, 0.7862384703075124, 0.8325940621375273, 0.8513809665789344, 0.8591675509972926, 0.8696603840807143, 0.8806452696839295, 0.888110946789918, 0.8927627362300256, 0.8995223690162383, 0.9054479000306195, 0.9097492799079465, 0.9133973497332618, 0.9166038504536553, 0.9203840774987944, 0.9236548883018272, 0.9264711072082035, 0.9292648175856565, 0.9320759720730251]
[0.6652266787437021, 0.7383493910309618, 0.7759820876773504, 0.8229060133037189, 0.839738235511828, 0.8469783248456828, 0.8550606822853454, 0.8633410143395815, 0.8703257514603914, 0.875071448250005, 0.8811096739945015, 0.8875775747321321, 0.8937095318206962, 0.8976515042347734, 0.9001069150518085, 0.9030966821294185, 0.9055967686338131, 0.9072431991120926, 0.9086106255428426, 0.9099605320961962]
[3.643099546432495, 0.6665924787521362, 0.6514215469360352, 0.6253790259361267, 0.591743528842926, 0.5666081309318542, 0.550054132938385, 0.5337204337120056, 0.5231035947799683, 0.512980580329895, 0.5009422898292542, 0.4876498579978943, 0.47829747200012207, 0.4717912971973419, 0.46584925055503845, 0.4608091711997986, 0.45560508966445923, 0.45036086440086365, 0.445532888174057, 0.44058865308761597]
[3.692915439605713, 0.6675614714622498, 0.6538335680961609, 0.6362218260765076, 0.6016988158226013, 0.5819615125656128, 0.5703035593032837, 0.553975522518158, 0.5479414463043213, 0.5377611517906189, 0.5309053659439087, 0.5191039443016052, 0.5109077095985413, 0.5065950155258179, 0.5018431544303894, 0.5004081130027771, 0.4987160265445709, 0.49734431505203247, 0.49775490164756775, 0.4977395534515381]

python main.py --model GAT --embed_dim 32 --epochs 100 --lr 0.01
[0.8161590176120395, 0.8485544982531372, 0.8915506921412838, 0.8927392228560606, 0.9080688976423843, 0.9124498612469774, 0.9196200335232383, 0.9228681348283392, 0.9277386991308251, 0.9323024641453204, 0.935481874243402, 0.937419617420926, 0.940460037352904, 0.9424173951056329, 0.9450047103116154, 0.9471386394349909, 0.949046799974501, 0.9515094340077666, 0.9535708535129664, 0.9550924300682112]
[0.8132468668984253, 0.8470291324901307, 0.8774050959191388, 0.878181664484712, 0.8943595192720841, 0.8949674590177219, 0.9008042061721652, 0.9010889041798484, 0.9043642452590117, 0.9080793352608119, 0.90936879823715, 0.9083920650723285, 0.9095137752226011, 0.9095190311858197, 0.9105995696242117, 0.9110997621238647, 0.9110896881943621, 0.9111089600594975, 0.911264886968321, 0.910688483001996]
[1.6023945808410645, 0.863323450088501, 0.6015534996986389, 0.5990108251571655, 0.49444717168807983, 0.5076940059661865, 0.4725630581378937, 0.4592438340187073, 0.4545919895172119, 0.4412287771701813, 0.4350889325141907, 0.42863208055496216, 0.42126601934432983, 0.41534608602523804, 0.4087298512458801, 0.402192085981369, 0.3957388997077942, 0.38883087038993835, 0.3818824589252472, 0.3750748038291931]
[1.6008021831512451, 0.8657243251800537, 0.612639307975769, 0.6142527461051941, 0.5104950070381165, 0.5291568636894226, 0.4989812672138214, 0.49127280712127686, 0.4912547171115875, 0.4821903705596924, 0.4830426573753357, 0.4836096465587616, 0.48260512948036194, 0.4834853708744049, 0.48449090123176575, 0.48713815212249756, 0.4912070631980896, 0.496187299489975, 0.5021834373474121, 0.5086451768875122]

python main.py --model CHEB --embed_dim 32 --epochs 100 --lr 0.01
[0.5998008477515869, 0.6421055072823532, 0.6610384358051529, 0.7063707336389723, 0.7457318402997364, 0.8275822166222431, 0.8978866822581103, 0.9183819840448292, 0.921524214876385, 0.9218907019598256, 0.9218970927742881, 0.9222519236552501, 0.9241681631488918, 0.9260673202768325, 0.9289867970596466, 0.9298412368951124, 0.9313190022065594, 0.9324047171767167, 0.9330398596303826, 0.9335609320749672]
[0.5899788053283204, 0.6364710849753474, 0.6461865139867752, 0.6875888312533589, 0.7331974520842304, 0.8268125079660693, 0.8907979471959655, 0.9120806562595676, 0.9096252454425323, 0.9127078678703406, 0.9079571341159755, 0.9102531140487079, 0.9108179110962581, 0.9114403047407474, 0.9108492278771032, 0.9135781677799818, 0.9140777032842325, 0.9157545745494874, 0.9139822199524248, 0.9151586797195593]
[0.6925265192985535, 0.693048894405365, 0.6925054788589478, 0.6913436651229858, 0.6886241436004639, 0.6112736463546753, 0.5692878365516663, 0.5468531847000122, 0.5354636311531067, 0.5289852023124695, 0.5236858129501343, 0.5190884470939636, 0.5157876014709473, 0.5133011937141418, 0.5109884738922119, 0.5086068511009216, 0.5062688589096069, 0.5042331218719482, 0.5024604201316833, 0.5007604360580444]
[0.6925926804542542, 0.6930651664733887, 0.6929181814193726, 0.6949126124382019, 0.6977500319480896, 0.6190640926361084, 0.5749714374542236, 0.5519779324531555, 0.5446451902389526, 0.5402558445930481, 0.5382267832756042, 0.535365879535675, 0.5331276655197144, 0.5308253169059753, 0.5303173661231995, 0.5287804007530212, 0.5274485349655151, 0.5268690586090088, 0.5267791748046875, 0.5269097089767456]

python main.py --model AGNN --embed_dim 32 --epochs 100 --lr 0.01
[0.624273406599131, 0.6244349454879604, 0.6248882511829639, 0.6242463963644224, 0.6241114657722849, 0.6242461953954141, 0.6229665051384962, 0.6239728775441973, 0.62434209780615, 0.6236690525975285, 0.6241858644991383, 0.62478410904289, 0.6238353343549525, 0.6247093485718219, 0.6244589009937435, 0.6245971274776162, 0.6244523895978763, 0.6245265471619197, 0.6241552368222812, 0.6250348781713815]
[0.6175728312253271, 0.6180953615686597, 0.6183916664951179, 0.6179271707456591, 0.6176168499172843, 0.6181923778897396, 0.6172294416283675, 0.6179501655847411, 0.6181376282728773, 0.6180018492230592, 0.6180688627540984, 0.6185256935571964, 0.6180596648184655, 0.6186233668736785, 0.6180931715839854, 0.618133029305061, 0.618256544440702, 0.6185806621725262, 0.6180460869134837, 0.618944637625426]
[1.5406880378723145, 1.5406880378723145, 1.5406880378723145, 1.5406880378723145, 1.540688157081604, 1.5406880378723145, 1.5406880378723145, 1.5406880378723145, 1.5406880378723145, 1.5406880378723145, 1.5406880378723145, 1.5406880378723145, 1.5406880378723145, 1.5406880378723145, 1.540688157081604, 1.5406880378723145, 1.540687918663025, 1.540687918663025, 1.540687918663025, 1.5406880378723145]
[1.5401196479797363, 1.5401196479797363, 1.5401195287704468, 1.5401195287704468, 1.5401191711425781, 1.5401191711425781, 1.5401191711425781, 1.5401190519332886, 1.540118932723999, 1.540118932723999, 1.54011869430542, 1.5401185750961304, 1.5401185750961304, 1.5401183366775513, 1.5401182174682617, 1.5401182174682617, 1.540117859840393, 1.540117859840393, 1.540117859840393, 1.540117621421814]

python main.py --model GCN --embed_dim 64 --epochs 100 --lr 0.01
[0.8221088256826173, 0.9023627443974062, 0.9201264754240226, 0.9305939060248016, 0.9363591441582048, 0.93989780645543, 0.9472686261895256, 0.9515844758354464, 0.9547503004285705, 0.955750884926834, 0.958512359875364, 0.9595979140703145, 0.9612568730395976, 0.9638259804534329, 0.9643333870054566, 0.966587616177169, 0.9672070026605885, 0.9680804541642347, 0.9695821347876631, 0.9712355470123183]
[0.8043533391353327, 0.8888232380149803, 0.9045525839410176, 0.9150973601486736, 0.9212201193016052, 0.9220676433706317, 0.9273174746323125, 0.9303768832225714, 0.9324275848717611, 0.931967250093184, 0.9326982669775278, 0.9309226274034536, 0.9311530137912094, 0.9329742050465132, 0.9310365066065268, 0.9336180605408123, 0.9325217542127641, 0.9311705336686054, 0.9307373546999919, 0.9303190676271648]
[0.6795209646224976, 0.5173834562301636, 0.48464733362197876, 0.46872249245643616, 0.45925453305244446, 0.44901615381240845, 0.4362541735172272, 0.42782777547836304, 0.4171525239944458, 0.41119199991226196, 0.4032205045223236, 0.39637231826782227, 0.3889884948730469, 0.38169342279434204, 0.3742542266845703, 0.36654767394065857, 0.3589538335800171, 0.3515918552875519, 0.3439718186855316, 0.33681243658065796]
[0.6818665266036987, 0.5252648591995239, 0.49678367376327515, 0.4828379452228546, 0.4768505096435547, 0.4703664481639862, 0.4648841917514801, 0.4655401408672333, 0.4606761932373047, 0.462388813495636, 0.45977750420570374, 0.46218669414520264, 0.4637579917907715, 0.46520164608955383, 0.4705579876899719, 0.47130486369132996, 0.4777452051639557, 0.4856563210487366, 0.4958486258983612, 0.5070334076881409]

python main.py --model SAGE --embed_dim 64 --epochs 100 --lr 0.01
[0.7183029067594641, 0.7030221478297477, 0.6989915134003322, 0.8389931163291419, 0.8568353860441814, 0.885961342083899, 0.9037993914497656, 0.9140209163720528, 0.9172433338378996, 0.9212609454755807, 0.9262916016900369, 0.9303024205752394, 0.9333991922171295, 0.9360400053731073, 0.9387042917092486, 0.9413703465726624, 0.9445777315566922, 0.9482306246382055, 0.9515160659850388, 0.9547962017500542]
[0.7321596183469907, 0.7017582510957588, 0.6851752491436066, 0.8239922457022646, 0.8361615525414553, 0.8695680167630186, 0.8859070544224331, 0.8938470628582542, 0.8965381160262639, 0.8990222156425349, 0.9031641336573928, 0.9068198750745141, 0.908040353533606, 0.9085151422110348, 0.909300470715306, 0.909966664053285, 0.9109863209177262, 0.9134277158328447, 0.9142603480060846, 0.914912525442147]
[5.211756706237793, 0.6746241450309753, 0.673480212688446, 0.6224831342697144, 0.5928610563278198, 0.5578429102897644, 0.5226091146469116, 0.498552143573761, 0.4841984808444977, 0.47196465730667114, 0.4615449905395508, 0.45093509554862976, 0.4405744671821594, 0.4309142827987671, 0.42231476306915283, 0.41392025351524353, 0.4049484431743622, 0.39568692445755005, 0.3862311840057373, 0.37622320652008057]
[5.148621559143066, 0.6766321659088135, 0.675791323184967, 0.6274225115776062, 0.6053887009620667, 0.5755720138549805, 0.5423640608787537, 0.5209633111953735, 0.5128527879714966, 0.5077637434005737, 0.5060563087463379, 0.5050901174545288, 0.5082065463066101, 0.5162016749382019, 0.5257226824760437, 0.5379477143287659, 0.5522764921188354, 0.5685358047485352, 0.5899143815040588, 0.6161389350891113]

python main.py --model GAT --embed_dim 64 --epochs 100 --lr 0.01
[0.8312765495132572, 0.8145126794964747, 0.8386382452543781, 0.8330241358151774, 0.8874032143304729, 0.8959706839272785, 0.9079151563510749, 0.9150922419612196, 0.9162908211264088, 0.9278441274725517, 0.9305047159789415, 0.9342433826331746, 0.9371913568213585, 0.9371809868205327, 0.9409461813838549, 0.9438396527770018, 0.9453273861512578, 0.9466784605999053, 0.9488889589154232, 0.9507770225541088]
[0.8231451596301729, 0.7991727113893656, 0.830085221063623, 0.818937323076613, 0.8712087532811446, 0.8807794243055886, 0.889118885946036, 0.8944164588736209, 0.8913443483722501, 0.9051254839318634, 0.9051517637479572, 0.907954944131301, 0.9102920957759137, 0.9088147321145048, 0.9123182695967494, 0.9144429927279368, 0.9143676572551346, 0.9141521627631649, 0.9150461145072907, 0.9151232019678326]
[1.3330557346343994, 1.7366359233856201, 0.9544053077697754, 0.5962020754814148, 0.6354303359985352, 0.522937536239624, 0.49001431465148926, 0.49688345193862915, 0.4670167863368988, 0.45554813742637634, 0.4509035348892212, 0.44001197814941406, 0.4348873198032379, 0.42982378602027893, 0.42319026589393616, 0.4181116819381714, 0.41287434101104736, 0.4076754152774811, 0.40275365114212036, 0.3979153037071228]
[1.327190637588501, 1.7453802824020386, 0.9554854035377502, 0.6083821654319763, 0.6569638252258301, 0.5474292039871216, 0.5193097591400146, 0.5299018621444702, 0.5056690573692322, 0.4961877465248108, 0.49506306648254395, 0.48737117648124695, 0.48658275604248047, 0.48614150285720825, 0.4827207922935486, 0.48178228735923767, 0.48219186067581177, 0.48375988006591797, 0.48486649990081787, 0.48814278841018677]

python main.py --model CHEB --embed_dim 64 --epochs 100 --lr 0.01
[0.7932487516408115, 0.6463346588981159, 0.7172589531492205, 0.8240822207622047, 0.8283095636568932, 0.8413127006223368, 0.8565555969908991, 0.8654538615752803, 0.8681747005903425, 0.8688927226630098, 0.8777992671705309, 0.892235594521392, 0.9099413258922281, 0.9198697174190853, 0.9257802963392532, 0.9310355555173268, 0.9348539666740328, 0.9394072411062976, 0.9431496055902826, 0.9429844894531064]
[0.7966494110474215, 0.6436439417796954, 0.7175454126172026, 0.8232139251489518, 0.8227428594454695, 0.8366203543307604, 0.8488301758864291, 0.8550466663834285, 0.8614436116176059, 0.862544735911938, 0.8696534261653236, 0.8815520508987479, 0.8981552007099053, 0.906844183904401, 0.9100628043804949, 0.9140485764880618, 0.916900374531179, 0.9189902769060423, 0.9228415839545954, 0.923607640593731]
[0.6830211877822876, 0.6929218769073486, 0.6921797394752502, 0.6138110160827637, 0.5841305255889893, 0.5817536115646362, 0.5627065896987915, 0.5556644201278687, 0.5524178147315979, 0.5460437536239624, 0.5358412265777588, 0.5281398296356201, 0.5227161645889282, 0.5180091261863708, 0.5145043134689331, 0.5108910202980042, 0.5066474676132202, 0.5027113556861877, 0.49859461188316345, 0.4946410655975342]
[0.6831545829772949, 0.6928035616874695, 0.6922170519828796, 0.6130754947662354, 0.5858713984489441, 0.5862228274345398, 0.570937991142273, 0.5667922496795654, 0.5605117082595825, 0.5570259690284729, 0.5497873425483704, 0.5452705025672913, 0.5455226302146912, 0.544915497303009, 0.5440425276756287, 0.5413671135902405, 0.5409451127052307, 0.543188750743866, 0.5463146567344666, 0.5559462904930115]

python main.py --model AGNN --embed_dim 64 --epochs 100 --lr 0.01
[0.6196281687486922, 0.6211210469295594, 0.6191895337912907, 0.620801666981652, 0.6191597501842685, 0.6203308367891294, 0.6148836924019807, 0.6205648049085314, 0.615270276386246, 0.6186578903768724, 0.6168984067096639, 0.6158119280572752, 0.6183906417897046, 0.61090410410066, 0.6164370622543305, 0.6150382777631249, 0.6181494789798074, 0.61788906333892, 0.6176677964608394, 0.6159068658167715]
[0.6087202561756473, 0.6096240628508082, 0.6075584693058319, 0.6095883661006141, 0.6075218965617678, 0.6095169726002257, 0.6025412144165815, 0.6091646040661007, 0.6045822801332036, 0.6077135202207854, 0.605620551867378, 0.6042767772711127, 0.6077316970935838, 0.5986196088599772, 0.6049425326121568, 0.6034412981177958, 0.6070979155287871, 0.6063066740658949, 0.6058067005647094, 0.603717674183716]
[1.5418270826339722, 1.5418270826339722, 1.5418270826339722, 1.5418270826339722, 1.5418270826339722, 1.5418270826339722, 1.5418270826339722, 1.5418270826339722, 1.5418270826339722, 1.5418272018432617, 1.5418272018432617, 1.5418272018432617, 1.5418272018432617, 1.5418272018432617, 1.5418272018432617, 1.5418272018432617, 1.5418272018432617, 1.5418272018432617, 1.5418272018432617, 1.5418272018432617]
[1.505630612373352, 1.505630612373352, 1.505630612373352, 1.505630612373352, 1.505630612373352, 1.505630612373352, 1.505630612373352, 1.505630612373352, 1.505630612373352, 1.505630612373352, 1.505630612373352, 1.505630612373352, 1.505630612373352, 1.505630612373352, 1.505630612373352, 1.505630612373352, 1.505630612373352, 1.505630612373352, 1.505630612373352, 1.505630612373352]

python main.py --model GCN --embed_dim 256 --epochs 100 --lr 0.01
[0.8465016400276887, 0.8267825609384256, 0.7837062206097898, 0.8418868288850988, 0.8649432395191246, 0.8683054912209099, 0.8688024473845049, 0.8691304288059651, 0.8708864156124302, 0.8782050637919846, 0.8825923780172382, 0.8927981469692787, 0.901584471816066, 0.9068682283995093, 0.9113443709264084, 0.9122104267705511, 0.9126044064143196, 0.912262960069307, 0.9128877727159491, 0.914492711215815]
[0.8217383134752824, 0.7992708227027827, 0.7621895641974297, 0.8229287891443335, 0.8425350649396156, 0.8505506278467064, 0.8491139979002428, 0.848809152033554, 0.8505313559815707, 0.8582985746265747, 0.8634364976713893, 0.8742727608392198, 0.8826374073034237, 0.8873469693459086, 0.8905005472771703, 0.8903203115384599, 0.8896330943476057, 0.888756224483941, 0.8891079360226637, 0.8905412809921156]
[0.8525562286376953, 0.6559920310974121, 0.6277417540550232, 0.5835892558097839, 0.5476709604263306, 0.5181562900543213, 0.5101860761642456, 0.5106638073921204, 0.5062689781188965, 0.5009342432022095, 0.49473416805267334, 0.4900813400745392, 0.48599568009376526, 0.48206600546836853, 0.4782296121120453, 0.4747593104839325, 0.47290661931037903, 0.4721240699291229, 0.47126930952072144, 0.469887912273407]
[0.8580006957054138, 0.6598207354545593, 0.6344645023345947, 0.5931279063224792, 0.5631868839263916, 0.5381944179534912, 0.5373478531837463, 0.5393548607826233, 0.5319051742553711, 0.5270251631736755, 0.5211877822875977, 0.517179012298584, 0.512302041053772, 0.5092216730117798, 0.5069391131401062, 0.5044111609458923, 0.5043129920959473, 0.5057135820388794, 0.5061767101287842, 0.5049217343330383]

python main.py --model SAGE --embed_dim 256 --epochs 100 --lr 0.01
[0.7408904165034463, 0.4747726417512793, 0.35740923295033195, 0.3916811210276365, 0.4520668014552407, 0.5171824482671608, 0.5718351661840865, 0.6148923742631371, 0.6519751354711989, 0.6773414838860236, 0.6967892146203506, 0.7116230988633274, 0.7585840897337877, 0.8260911471624502, 0.8492302364464692, 0.8565759752483353, 0.8576622931255173, 0.8568542771309567, 0.8558850839917815, 0.8573815796147971]
[0.7241055117096291, 0.485237094310814, 0.3781538516793459, 0.4036507482520637, 0.4541301139974622, 0.5134561418339194, 0.5645097215609685, 0.6056542776313651, 0.6426718075826905, 0.6681411103485098, 0.6883340830380869, 0.7027704620123068, 0.745396542714994, 0.8170410153469747, 0.8444981672018258, 0.8513462492789476, 0.8521169048858996, 0.8530583792974616, 0.8511417047103504, 0.8511949213379405]
[14.689882278442383, 0.7672449946403503, 0.7254360318183899, 0.7077986001968384, 0.7013059258460999, 0.6974169611930847, 0.6930010914802551, 0.6857510209083557, 0.6733063459396362, 0.6608887314796448, 0.6509228348731995, 0.6337906122207642, 0.6184196472167969, 0.6036577820777893, 0.5896055102348328, 0.5771126747131348, 0.5656490325927734, 0.5551636219024658, 0.5466372966766357, 0.5394425392150879]
[14.886723518371582, 0.7675940990447998, 0.7238339781761169, 0.7076122164726257, 0.7017034292221069, 0.6980440020561218, 0.6938830614089966, 0.6868782639503479, 0.6742543578147888, 0.6615011096000671, 0.6521803140640259, 0.6362727284431458, 0.6226183772087097, 0.6101983785629272, 0.5980049967765808, 0.5872368216514587, 0.578487753868103, 0.569816529750824, 0.5630131363868713, 0.5577593445777893]

python main.py --model GAT --embed_dim 256 --epochs 100 --lr 0.01
[0.7719671787062242, 0.6848217513420107, 0.7220861885335284, 0.5861909853502436, 0.6633584220363643, 0.66156151793982, 0.766780570541368, 0.7520562546016878, 0.8239683517221316, 0.8476749774854421, 0.8465673166995841, 0.8717910976999581, 0.8711188965611711, 0.8848592280426688, 0.8916970779668915, 0.8973064445374975, 0.8979566194729806, 0.9030248166981774, 0.906266044863196, 0.9094797000802831]
[0.7691703593458252, 0.6759803794893043, 0.7092497506702448, 0.5865856430736697, 0.6603149811157621, 0.6575214366649862, 0.7588318796945058, 0.735763457127327, 0.8113880079067206, 0.8298193569241403, 0.8290476063248507, 0.8572436590088742, 0.8543625151711189, 0.8641140789296755, 0.8701492386956275, 0.8789704969644623, 0.8790791202043169, 0.8843845770767296, 0.8877111637972758, 0.890354037302447]
[0.9984859824180603, 4.317037105560303, 4.9105730056762695, 2.6752264499664307, 1.4824882745742798, 1.1234866380691528, 0.7637929916381836, 0.7788956165313721, 0.6356095671653748, 0.610730767250061, 0.5804901123046875, 0.547772228717804, 0.539316713809967, 0.5214526653289795, 0.5109002590179443, 0.5030898451805115, 0.4943198263645172, 0.48910632729530334, 0.48349034786224365, 0.4790131449699402]
[0.9937171339988708, 4.382286548614502, 4.819417953491211, 2.6572368144989014, 1.4888564348220825, 1.129366397857666, 0.7612831592559814, 0.7652251124382019, 0.6356155276298523, 0.6197037696838379, 0.5921706557273865, 0.5560646057128906, 0.553137481212616, 0.5429301857948303, 0.5362564325332642, 0.5303788781166077, 0.5245911478996277, 0.5199673175811768, 0.5158891081809998, 0.5139096975326538]

python main.py --model CHEB --embed_dim 256 --epochs 100 --lr 0.01
[0.7963048873492341, 0.8441215238692097, 0.8288328467605685, 0.8406274364980136, 0.8413659976033241, 0.8423825792346441, 0.8418551561693987, 0.8361335685045872, 0.830194612760455, 0.8324818008495201, 0.8259839904872527, 0.8259411438946942, 0.8271523439136013, 0.8294177469621725, 0.831150059619466, 0.8299049762257683, 0.8300731068980682, 0.8299192450253537, 0.8303603719984576, 0.8304996837149747]
[0.7809947435987843, 0.8262847216595179, 0.8185685296574293, 0.8317561793702568, 0.82993783509503, 0.8336286162669434, 0.8327543743848879, 0.8284628804167629, 0.8259487780104515, 0.8276243352849016, 0.8193948108751136, 0.8182426599378658, 0.8187397864589745, 0.8223083664860513, 0.8250305174364391, 0.8230814310761454, 0.8229533169726878, 0.822167112474547, 0.8220273914523146, 0.8219796497864108]
[0.6696944832801819, 0.6256371140480042, 0.6584357023239136, 0.5821512937545776, 0.583552896976471, 0.5675176382064819, 0.5626859068870544, 0.5589858889579773, 0.5548316240310669, 0.5530568957328796, 0.5515156984329224, 0.5504773259162903, 0.5484937429428101, 0.5470602512359619, 0.5464501976966858, 0.5454646944999695, 0.5449554324150085, 0.5444093942642212, 0.5438752174377441, 0.5434566140174866]
[0.6715361475944519, 0.6306305527687073, 0.6602631211280823, 0.587780773639679, 0.5885969400405884, 0.5733296275138855, 0.5688650012016296, 0.5660510063171387, 0.5641816258430481, 0.563803493976593, 0.5621126890182495, 0.5621408820152283, 0.5628630518913269, 0.5649219155311584, 0.5667410492897034, 0.5665218830108643, 0.5670270919799805, 0.5693858861923218, 0.5698806643486023, 0.5719215273857117]

python main.py --model AGNN --embed_dim 256 --epochs 100 --lr 0.01
[0.6087799822648869, 0.6087799822648869, 0.6087799822648869, 0.6087799822648869, 0.6087799822648869, 0.6087799822648869, 0.6087799822648869, 0.6087799822648869, 0.6087799822648869, 0.6087799822648869, 0.6087799822648869, 0.608779741102077, 0.608779741102077, 0.608779741102077, 0.608779741102077, 0.608779741102077, 0.608779741102077, 0.608779741102077, 0.608779741102077, 0.608779741102077]
[0.6194564370438536, 0.6194564370438536, 0.6194564370438536, 0.6194564370438536, 0.6194564370438536, 0.6194564370438536, 0.6194564370438536, 0.6194564370438536, 0.6194564370438536, 0.6194564370438536, 0.6194564370438536, 0.6194564370438536, 0.6194564370438536, 0.6194564370438536, 0.6194564370438536, 0.6194564370438536, 0.6194564370438536, 0.6194564370438536, 0.6194564370438536, 0.6194564370438536]
[1.5560879707336426, 1.5560879707336426, 1.5560879707336426, 1.5560879707336426, 1.5560879707336426, 1.5560879707336426, 1.5560879707336426, 1.5560879707336426, 1.5560879707336426, 1.5560879707336426, 1.5560879707336426, 1.5560879707336426, 1.5560879707336426, 1.5560879707336426, 1.5560879707336426, 1.5560879707336426, 1.5560879707336426, 1.5560879707336426, 1.5560879707336426, 1.5560879707336426]
[1.5114015340805054, 1.5114015340805054, 1.5114015340805054, 1.5114015340805054, 1.5114015340805054, 1.5114015340805054, 1.5114015340805054, 1.5114015340805054, 1.5114015340805054, 1.5114015340805054, 1.5114015340805054, 1.5114015340805054, 1.5114015340805054, 1.5114015340805054, 1.5114015340805054, 1.5114015340805054, 1.5114015340805054, 1.5114015340805054, 1.5114015340805054, 1.5114015340805054]
